     # VSTUP 3x2
        # Zaciatky
([[3,4,5], [0,1,2]])
([[5,3,4], [1,2,0]])
([[4,0,5], [3,1,2]])
([[2,0,1], [4,5,3]])
([[3,4,5], [1,2,0]])
        # Koniec
([[0,1,2], [3,4,5]])

    # VSTUP 2x3
        # Zaciatky
([[3,0], [4,1], [2,5]])
([[5,3], [4,1], [2,0]])
([[2,3], [4,5], [1,0]])
([[2,5], [4,1], [0,3]])
([[4,5], [0,1], [3,2]])
        # Koniec
([[0,1], [2,3], [4,5]])

   # VSTUP 4x2
        # Zaciatky
([[3,2,5,4], [7,6,1,0]])
([[7,1,5,4], [3,6,2,0]])
([[0,1,5,6], [3,4,2,7]])
([[5,4,2,0], [3,7,6,1]])
([[0,4,2,5], [3,7,6,1]])
        # Koniec
([[0,1,2,3]  ,[4,5,6,7]])

   # VSTUP 2x4
        # Zaciatky
([[7,3], [5,6], [2,1], [4,0]])
([[7,3], [6,0], [2,1], [4,5]])
([[5,4], [6,0], [2,1], [3,7]])
([[5,6], [0,4], [7,1], [3,2]])
([[7,0], [6,2], [1,5], [3,4]])
        # Koniec
([[0,1], [2,3], [4,5], [6,7]])

   # VSTUP 3x3
        # Zaciatky
([[0,6,1], [7,5,4], [8,2,3]])
([[2,4,1], [8,0,3], [7,6,5]])
([[4,5,8], [1,0,6], [3,2,7]])
([[1,2,3], [4,5,6], [7,8,0]])
([[8,0,6], [5,4,7], [2,3,1]])
        # Koniec
([[0,1,2], [3,4,5], [6,7,8]])
